lpba_S01 [0.82207155 0.81706333 0.8028726  0.8189702  0.7693141  0.82781786
 0.7622956  0.79716796 0.72904253 0.658349   0.70920753 0.4872989
 0.6126657  0.5888473  0.7281466  0.7453096  0.7342811  0.75385606
 0.65905726 0.6496815  0.48425654 0.67456347 0.57379836 0.68054
 0.5998689  0.73112947 0.73587346 0.6666     0.7115158  0.63027775
 0.53291124 0.49931693 0.783017   0.78113663 0.67443544 0.67003596
 0.6424684  0.67013276 0.67644477 0.701274   0.7126778  0.64669424
 0.6987204  0.7461393  0.78247344 0.79593015 0.7570577  0.77731144
 0.7435429  0.65368915 0.7972564  0.7949075  0.72958255 0.6993508
 0.9531693  0.90447754] lpba_S02 0.5590764 0.0 0.0041251183
lpba_S01 [0.8163859  0.75143325 0.79084694 0.7601517  0.7820045  0.81131077
 0.7556584  0.74659586 0.7615257  0.79588866 0.7334156  0.66319084
 0.67881113 0.56598985 0.6913026  0.7773108  0.71576405 0.72568053
 0.6740605  0.6505954  0.6855371  0.6963609  0.5390124  0.55762535
 0.5701062  0.5193294  0.7674223  0.7024225  0.75457716 0.5943969
 0.52244896 0.6437613  0.81606305 0.78692436 0.69209415 0.7052998
 0.6127974  0.7460234  0.62509483 0.63231003 0.66326916 0.65922207
 0.66780084 0.74159175 0.78378695 0.8242514  0.73097223 0.7464606
 0.7773392  0.80378014 0.761132   0.768283   0.68699765 0.66027063
 0.9424149  0.88826054] lpba_S03 0.5611003 0.0 0.0039424896
lpba_S01 [0.80769056 0.7610136  0.79640716 0.78468215 0.68192196 0.63072777
 0.72462815 0.7540413  0.7097752  0.7369146  0.6329558  0.5466754
 0.73716587 0.7178339  0.6167508  0.6874124  0.7005742  0.7711245
 0.7004427  0.662359   0.68857855 0.684222   0.65745485 0.6745326
 0.65511906 0.5776499  0.70783    0.6775019  0.7868666  0.64589965
 0.588965   0.61723554 0.80345446 0.77717453 0.72384936 0.7766115
 0.7897153  0.7027358  0.7463051  0.7220709  0.7062433  0.68587756
 0.78024566 0.75421983 0.77795196 0.6953285  0.7299776  0.7346645
 0.73855543 0.7882646  0.7903643  0.7339485  0.7236157  0.70112926
 0.9449423  0.9037867 ] lpba_S04 0.5682282 0.0 0.003414154
lpba_S01 [0.81195223 0.7850082  0.7719954  0.72836757 0.7475254  0.76448315
 0.7897251  0.7681751  0.7087801  0.63943297 0.67003256 0.56482893
 0.6352357  0.6651934  0.7264026  0.75733393 0.7283628  0.77513736
 0.6137188  0.5631582  0.6776962  0.6137688  0.60953695 0.69221616
 0.6261717  0.67968136 0.6847884  0.6555391  0.67556226 0.65708417
 0.5973347  0.6203718  0.7486571  0.7661616  0.7150267  0.7215468
 0.7363291  0.72472197 0.6978746  0.71121913 0.7433036  0.7162693
 0.66934294 0.736973   0.77727216 0.6843462  0.6544666  0.6654962
 0.7185501  0.6886121  0.7986853  0.8060644  0.7671648  0.7409223
 0.95021886 0.87819177] lpba_S05 0.5567814 0.0 0.0042471886
lpba_S01 [0.8134099  0.77479637 0.8009716  0.78231925 0.7643875  0.8155783
 0.7877077  0.70312107 0.7024206  0.56386197 0.6547566  0.5098112
 0.722372   0.6101528  0.7325959  0.75232935 0.77341217 0.79728913
 0.63937646 0.6443368  0.6725735  0.5947187  0.6439008  0.67141473
 0.65337723 0.6867187  0.6776555  0.6248701  0.665331   0.60579157
 0.4577936  0.5312861  0.7964464  0.82127535 0.6836029  0.73500586
 0.65267915 0.75603557 0.7360812  0.66367716 0.722899   0.7681083
 0.6998476  0.7525644  0.81261593 0.82950366 0.64331    0.5990263
 0.6010898  0.5693431  0.8011401  0.773495   0.76119405 0.71473217
 0.94669116 0.9045226 ] lpba_S06 0.55479556 0.0 0.0035920143
lpba_S01 [0.8271108  0.7965205  0.8051889  0.81056184 0.79294306 0.7804327
 0.81271064 0.79417557 0.77565086 0.7092622  0.7660621  0.5470253
 0.6745843  0.5735603  0.7623192  0.7300239  0.675102   0.74305534
 0.7285409  0.74843115 0.6507257  0.72291684 0.5623297  0.56652963
 0.331489   0.46412215 0.67860764 0.6362794  0.62794435 0.63250107
 0.687066   0.566887   0.794501   0.8217068  0.70001024 0.7858044
 0.7479114  0.75113916 0.7429344  0.7260895  0.73478514 0.7012847
 0.7265177  0.7383788  0.78712434 0.80116695 0.7657051  0.7200819
 0.6469405  0.7275405  0.7934089  0.7209586  0.7678959  0.7442424
 0.95075387 0.910116  ] lpba_S07 0.57103175 0.0 0.0036172867
lpba_S01 [0.8128618  0.7829851  0.80000764 0.80321467 0.75437516 0.77292717
 0.7644805  0.74053895 0.690642   0.56549764 0.72927386 0.5129829
 0.6227647  0.6268587  0.7044542  0.77365017 0.7009592  0.7777507
 0.6515191  0.6284344  0.52090967 0.68077385 0.5650873  0.6972137
 0.55784863 0.58497316 0.54886407 0.6440382  0.515983   0.63500714
 0.5842228  0.537502   0.7879537  0.7518039  0.6522488  0.67704546
 0.7314524  0.6799635  0.7387832  0.74152696 0.6578879  0.6502043
 0.74559224 0.72884774 0.7514083  0.8132466  0.6967527  0.73211616
 0.7457798  0.71925753 0.76182806 0.79558444 0.71447605 0.7233855
 0.95025384 0.90100354] lpba_S08 0.54511005 0.0 0.004008293
lpba_S01 [0.81596434 0.7643881  0.76403075 0.7498935  0.6970705  0.7609995
 0.7422941  0.71003455 0.72313446 0.6615877  0.7024756  0.57919514
 0.72033685 0.50121534 0.7187031  0.72841257 0.7609732  0.8078604
 0.5820815  0.6060226  0.64014184 0.6330999  0.5725028  0.675071
 0.5949673  0.54360366 0.63307625 0.50920963 0.57278275 0.59036773
 0.56252456 0.7403462  0.7847027  0.8008479  0.69235605 0.711023
 0.66943175 0.6990822  0.7228118  0.73459244 0.6385085  0.7569743
 0.65749836 0.73664045 0.77931374 0.7815631  0.68888223 0.6472122
 0.7554883  0.75463223 0.78209865 0.80088854 0.7522652  0.76733977
 0.95161796 0.9092607 ] lpba_S09 0.5490085 0.0 0.0036201477
lpba_S01 [0.82101023 0.78218967 0.7892922  0.76147926 0.83173996 0.7910489
 0.8148636  0.78551984 0.6666667  0.6578506  0.6544511  0.5628319
 0.6340616  0.6506821  0.76816875 0.7823192  0.72071886 0.80788696
 0.7314186  0.7743079  0.7308665  0.71013206 0.57243997 0.7070538
 0.4666969  0.5345268  0.6672408  0.66320956 0.69719374 0.65755767
 0.44417766 0.58588344 0.7550805  0.81771666 0.6737206  0.7794215
 0.7646845  0.78515595 0.69718033 0.6869301  0.6714923  0.694207
 0.7522364  0.7747748  0.7917631  0.7668022  0.70229757 0.7690511
 0.70110303 0.7336395  0.7699957  0.7613012  0.74988914 0.70266414
 0.9520538  0.90646684] lpba_S10 0.5718445 0.0 0.0041451454
lpba_S01 [0.7635461  0.7579268  0.74361736 0.7217569  0.73667943 0.71701545
 0.78251344 0.773306   0.45287326 0.5487714  0.57085186 0.56239015
 0.6770591  0.5671495  0.75394    0.7406642  0.7638301  0.8027183
 0.651477   0.56326705 0.68381906 0.7093448  0.64368033 0.6732471
 0.51074904 0.5523411  0.7437391  0.6478276  0.60900027 0.5596158
 0.49422443 0.6996314  0.7941555  0.7412441  0.662742   0.7363339
 0.66317356 0.63569665 0.63492066 0.68718076 0.71229714 0.60848045
 0.6317243  0.686559   0.78000224 0.7770526  0.7246881  0.7070165
 0.7363567  0.63362485 0.76412374 0.78760517 0.7120103  0.72761744
 0.93840647 0.894899  ] lpba_S11 0.5328268 0.0 0.0038785934
lpba_S01 [0.78632957 0.74933463 0.78359383 0.75002164 0.71980846 0.70270073
 0.766011   0.73460436 0.5799265  0.54536545 0.63522995 0.5543414
 0.5902778  0.56162816 0.70671636 0.7216517  0.792393   0.7718706
 0.6876837  0.5389436  0.7189662  0.5231372  0.60804707 0.6600818
 0.6026723  0.49387243 0.7603112  0.6093088  0.7499383  0.60598874
 0.41370264 0.50951445 0.7848712  0.7765808  0.6877699  0.6908229
 0.7458865  0.69115156 0.7709289  0.7468761  0.6980793  0.6660824
 0.78357667 0.7811904  0.79842275 0.79265493 0.7004063  0.7681462
 0.7365755  0.77095276 0.80361915 0.795682   0.7546428  0.764574
 0.9441443  0.91615623] lpba_S12 0.55015963 0.0 0.0039868355
lpba_S01 [0.78205276 0.774338   0.7660885  0.75518715 0.72450596 0.71269584
 0.7915055  0.8001979  0.6761112  0.7068267  0.6743811  0.534422
 0.6730361  0.5734665  0.72582495 0.6464583  0.7760714  0.7497909
 0.7110467  0.4772756  0.39970005 0.6592734  0.60784125 0.635134
 0.61108625 0.5509201  0.6035614  0.61160696 0.71064705 0.5863062
 0.6544659  0.6982012  0.7776141  0.80763006 0.6268027  0.7359252
 0.6302525  0.7659734  0.750032   0.7310006  0.7090909  0.7007639
 0.78827477 0.7963413  0.7648233  0.77708006 0.73623765 0.72358286
 0.7544174  0.79917294 0.7647682  0.7930247  0.7867761  0.7331081
 0.95284116 0.9171967 ] lpba_S13 0.5571676 0.0 0.003968239
lpba_S01 [0.83188283 0.8373731  0.8163746  0.8246057  0.66318464 0.7883098
 0.76783574 0.79427856 0.74329257 0.730058   0.62718576 0.60507107
 0.7129155  0.601065   0.75276655 0.7662061  0.7557953  0.7967676
 0.7327468  0.62933767 0.66408974 0.6635382  0.69385207 0.6599129
 0.6194747  0.5539679  0.69815683 0.5940192  0.78035134 0.71046066
 0.5817123  0.75958866 0.77740556 0.7950021  0.68732214 0.7700881
 0.75165355 0.7693412  0.72454005 0.73270285 0.67738885 0.6888626
 0.70935833 0.7651721  0.7905759  0.7876642  0.70668614 0.734211
 0.75558865 0.7808     0.78600556 0.7806385  0.7810451  0.7406038
 0.94772947 0.90595084] lpba_S14 0.58560383 0.0 0.0047268867
lpba_S01 [0.782403   0.77488214 0.73195    0.74336284 0.7597089  0.7448892
 0.78849983 0.77787596 0.646355   0.50633174 0.6489834  0.45668468
 0.6380266  0.48748696 0.7381211  0.750524   0.7907702  0.7889438
 0.66104776 0.603      0.6371955  0.6906033  0.6385356  0.68576527
 0.5985704  0.45470977 0.71288866 0.6503431  0.63045853 0.73696905
 0.6189458  0.7463681  0.74170816 0.770758   0.6128952  0.74749875
 0.6468165  0.7489856  0.7391093  0.7443153  0.6150909  0.7525257
 0.71704865 0.7736088  0.78213483 0.7723323  0.7054597  0.75659716
 0.692389   0.73933375 0.78271025 0.7767183  0.76165116 0.74794894
 0.9429766  0.9062757 ] lpba_S15 0.5547677 0.0 0.003733158
lpba_S01 [0.8089909  0.7874734  0.8080197  0.81610495 0.76824915 0.7018574
 0.7064439  0.7101819  0.7578125  0.73834765 0.6704975  0.6266566
 0.658147   0.5603908  0.5522442  0.6552906  0.6912796  0.7284417
 0.44541582 0.599038   0.62898046 0.6345017  0.65685064 0.60620433
 0.58053935 0.6155054  0.6370432  0.5965247  0.66538614 0.6057199
 0.62961674 0.5816341  0.76300895 0.80615306 0.6943733  0.7081094
 0.71746033 0.66414416 0.7483679  0.7725871  0.72590125 0.6656661
 0.73487973 0.6498291  0.7872745  0.78502244 0.766385   0.72902876
 0.7111549  0.78246754 0.78583616 0.77302486 0.737323   0.73693943
 0.9470317  0.8973029 ] lpba_S16 0.54824334 0.0 0.0043969154
lpba_S01 [0.8105628  0.7900745  0.8191631  0.79392326 0.76656663 0.78702384
 0.7789943  0.7762286  0.6766532  0.54971427 0.68169564 0.4780179
 0.66739845 0.6214334  0.7421063  0.79354393 0.7809814  0.775725
 0.70761365 0.67701685 0.70233595 0.7414216  0.66923803 0.67318153
 0.6404568  0.48323452 0.66301423 0.6410774  0.60639626 0.60004216
 0.61889404 0.58666253 0.75884444 0.7575654  0.73199725 0.7109936
 0.7491783  0.73233193 0.7191909  0.69977546 0.7112607  0.7430644
 0.7599738  0.76625776 0.8066643  0.7899179  0.7695136  0.7525115
 0.7295126  0.75655854 0.72404194 0.75789964 0.76186365 0.7509596
 0.94618654 0.9068646 ] lpba_S17 0.5709529 0.0 0.0034532547
lpba_S01 [0.81562257 0.7887616  0.7740535  0.7475959  0.75924575 0.7733497
 0.758157   0.7792089  0.665807   0.55878764 0.63844293 0.4905053
 0.58070385 0.4815894  0.7067301  0.7848189  0.78502697 0.82120746
 0.64893675 0.75046504 0.5645235  0.6697494  0.6086134  0.6940792
 0.59181285 0.56461686 0.6160365  0.6850986  0.632297   0.69842935
 0.5303735  0.5176394  0.8074142  0.8205261  0.6841453  0.74861383
 0.6658751  0.7163543  0.72958165 0.73538107 0.5680541  0.7172973
 0.7253525  0.76184076 0.7834266  0.72933006 0.70370144 0.7311618
 0.70349616 0.76487094 0.7862528  0.79012346 0.79562205 0.74657536
 0.9458292  0.9155989 ] lpba_S18 0.55497015 0.0 0.0044784546
lpba_S01 [0.83215845 0.7884881  0.78158534 0.75719255 0.78099775 0.7796754
 0.7864466  0.7630126  0.7508857  0.67519486 0.6296178  0.5325733
 0.70951396 0.6672283  0.7438456  0.7356817  0.7405927  0.79538924
 0.579692   0.6700995  0.57408893 0.63498056 0.61371034 0.67403215
 0.52568877 0.68159616 0.7059541  0.66120327 0.6042523  0.56891406
 0.50698495 0.5159411  0.7997821  0.8040265  0.6911188  0.7818337
 0.7622471  0.7699657  0.7209857  0.6694678  0.7190076  0.6032798
 0.72572297 0.7288849  0.80458087 0.7920746  0.696459   0.6830792
 0.6311592  0.7210222  0.7583434  0.77412933 0.739011   0.7394167
 0.9503954  0.9021694 ] lpba_S19 0.5576448 0.0 0.0040888786
lpba_S01 [0.8120756  0.782806   0.81781435 0.7937678  0.7467384  0.7944155
 0.7659988  0.79633814 0.68305963 0.763519   0.70220476 0.65143484
 0.6767103  0.628197   0.7541316  0.73943967 0.728017   0.7826056
 0.75565964 0.61043185 0.62727755 0.66579276 0.59278744 0.67998403
 0.59850323 0.612087   0.70304996 0.65560246 0.7439083  0.7896513
 0.5784183  0.7186254  0.79199547 0.7635251  0.7283636  0.70992
 0.7417528  0.7895414  0.7321618  0.7583082  0.7336116  0.7715145
 0.7600718  0.75893927 0.7977808  0.76688504 0.7451295  0.711946
 0.77037036 0.8024858  0.79620856 0.78967744 0.7649014  0.74476016
 0.9500993  0.9156367 ] lpba_S20 0.5903927 0.0 0.0037965775
lpba_S01 [0.8194513  0.7941482  0.7993185  0.7698389  0.7509753  0.74433833
 0.8052925  0.76586443 0.73859096 0.62686855 0.5035013  0.54169446
 0.6791876  0.58483756 0.71285295 0.7273145  0.72838753 0.7316573
 0.7265315  0.69612736 0.67508066 0.7008654  0.61709005 0.656475
 0.5974245  0.54711175 0.7055007  0.6743726  0.71202713 0.61800486
 0.574355   0.6332083  0.73760736 0.72483885 0.6842423  0.7170901
 0.72583824 0.7342145  0.74556845 0.73979527 0.72183263 0.716263
 0.7401874  0.77209806 0.75376886 0.79014367 0.7725383  0.7016527
 0.7050243  0.74815655 0.7783993  0.7780016  0.6974978  0.7218832
 0.9503715  0.90506184] lpba_S21 0.56203204 0.0 0.003540516
lpba_S01 [0.8172034  0.7759452  0.78196335 0.7529125  0.6697806  0.71954304
 0.73377943 0.7435088  0.61496437 0.34975475 0.5530258  0.35636595
 0.581167   0.59005314 0.6936161  0.73843724 0.698167   0.7839973
 0.6380569  0.64115846 0.6758713  0.6798298  0.63812774 0.6700497
 0.5437903  0.44670555 0.73086315 0.6817061  0.61380833 0.55537856
 0.53434527 0.49975833 0.8027151  0.80110836 0.59033144 0.7339863
 0.6993007  0.7841426  0.72496325 0.6619484  0.6562336  0.68840975
 0.7369678  0.72294503 0.78370994 0.70146936 0.7319391  0.7673399
 0.7261555  0.7509859  0.7868123  0.8045425  0.736146   0.74218565
 0.93854064 0.90533906] lpba_S22 0.5341322 0.0 0.0047512054
lpba_S01 [0.82543874 0.77798223 0.82271755 0.7985906  0.7179831  0.7941523
 0.6802509  0.81456643 0.6820116  0.57302487 0.48793283 0.5202703
 0.6265175  0.5403335  0.6557646  0.7456575  0.6953875  0.75933903
 0.7052521  0.7286981  0.672599   0.6141056  0.5914373  0.7134243
 0.44308287 0.44689813 0.7304279  0.659563   0.6379217  0.6351931
 0.46452135 0.61476004 0.75276184 0.8298846  0.65851825 0.7473661
 0.6403088  0.7581942  0.7249502  0.72809565 0.7327072  0.7024594
 0.7439111  0.7430002  0.792401   0.8189174  0.7379202  0.70229435
 0.6794942  0.67102396 0.754717   0.80516285 0.71887475 0.72624975
 0.95267403 0.893395  ] lpba_S23 0.5478895 0.0 0.0043902397
lpba_S01 [0.7872312  0.77736205 0.7974874  0.73416924 0.7891348  0.74799526
 0.7400635  0.73824376 0.70275533 0.7625911  0.58183044 0.5878335
 0.6480644  0.6845213  0.73779047 0.68537396 0.7006586  0.72960544
 0.68717784 0.6163846  0.605222   0.62190557 0.62063426 0.6303215
 0.6877929  0.71571124 0.73335046 0.68773544 0.7396118  0.7075675
 0.69812554 0.5330212  0.81781375 0.7766135  0.7189272  0.7201469
 0.7297373  0.79815733 0.71879286 0.65414834 0.52096325 0.7563614
 0.6823206  0.7813353  0.78567964 0.82758623 0.68713236 0.6182618
 0.74827147 0.77747554 0.76375264 0.7852584  0.7511674  0.7484919
 0.94487125 0.91096073] lpba_S24 0.5668714 0.0 0.003996849
lpba_S01 [0.7882082  0.76805264 0.7833243  0.758625   0.7684823  0.74532056
 0.7499604  0.7327316  0.5096043  0.56934875 0.5332086  0.5045528
 0.6064581  0.5558897  0.6691012  0.64911026 0.73241574 0.7078148
 0.7486375  0.61341894 0.76842165 0.6311103  0.5725576  0.6982588
 0.6412386  0.53682417 0.7561532  0.56066287 0.64180154 0.5913266
 0.6448662  0.72103465 0.79510736 0.7810555  0.70237505 0.7809028
 0.6912673  0.6545694  0.64192027 0.66294414 0.6629144  0.6568137
 0.72964543 0.7608796  0.7791461  0.75048214 0.7611225  0.7047853
 0.72952086 0.7507213  0.73919755 0.78723407 0.72909254 0.72141635
 0.94562644 0.9016118 ] lpba_S25 0.5433663 0.0 0.0040540695
lpba_S01 [0.8250141  0.78715736 0.8073993  0.78054297 0.74480844 0.7790719
 0.7717415  0.7651404  0.70646065 0.68812805 0.71822125 0.5496183
 0.69647384 0.5604848  0.75411165 0.68076    0.71342427 0.666453
 0.68014294 0.6065596  0.58478945 0.55103743 0.6283728  0.55896276
 0.5948729  0.5606514  0.64417857 0.5529045  0.6683115  0.631671
 0.574371   0.566011   0.7652303  0.7700393  0.63738984 0.6879007
 0.6686038  0.8012768  0.7522843  0.760577   0.64432216 0.69039875
 0.6550007  0.8103076  0.7729543  0.7919924  0.7596455  0.7413956
 0.64256793 0.70447385 0.7684771  0.75474197 0.73358226 0.73585707
 0.94438237 0.89134526] lpba_S26 0.5476438 0.0 0.0042419434
lpba_S01 [0.7699015  0.7921401  0.77686846 0.78686875 0.7483029  0.7901939
 0.77864873 0.70466757 0.6706065  0.6642972  0.6610509  0.50246304
 0.6148391  0.5827627  0.749575   0.7277248  0.7446074  0.7958433
 0.5572861  0.7470382  0.6826406  0.75641656 0.5876966  0.6656922
 0.55332816 0.5562081  0.7626209  0.6288297  0.6156406  0.55176634
 0.64527553 0.7398492  0.79316866 0.79565114 0.66257536 0.73854977
 0.71384394 0.7931685  0.7374046  0.6973321  0.6876927  0.6784408
 0.7831159  0.7742443  0.7935293  0.72761637 0.7425043  0.7764677
 0.73183763 0.7703322  0.8091216  0.7913491  0.7614081  0.7522512
 0.9377453  0.89819115] lpba_S27 0.5681476 0.0 0.0038499832
lpba_S01 [0.8098347  0.8011609  0.78362286 0.7899703  0.78185654 0.73367393
 0.79558223 0.8209105  0.68268245 0.6715364  0.6753208  0.29533786
 0.61750716 0.4280702  0.72342545 0.7259831  0.71170205 0.7903766
 0.7083777  0.7151698  0.6426015  0.6675797  0.6436333  0.6388476
 0.4030715  0.43689096 0.67905617 0.63099724 0.6529867  0.60460925
 0.5771892  0.60619265 0.76810056 0.7987962  0.6786329  0.757764
 0.7380859  0.77741635 0.7609744  0.723533   0.7374115  0.6791667
 0.75065684 0.78758335 0.7794008  0.8115124  0.65087616 0.6800495
 0.66757494 0.71240264 0.69593954 0.7803264  0.69524515 0.7161066
 0.9470437  0.88349456] lpba_S28 0.54949063 0.0 0.0039601326
lpba_S01 [0.8537231  0.8100188  0.8416988  0.80849737 0.79485995 0.75923085
 0.77385896 0.75695425 0.7689239  0.68411213 0.6333561  0.51074237
 0.71561825 0.67907727 0.75236076 0.7854593  0.7575499  0.7417094
 0.7296966  0.69042367 0.68167204 0.6995578  0.66000164 0.7226525
 0.56342375 0.5957369  0.77676296 0.6758408  0.7642963  0.74088526
 0.75893146 0.68099767 0.7883305  0.7902997  0.6524451  0.6824975
 0.7309591  0.7695676  0.73959684 0.7114203  0.7329438  0.66313493
 0.6608771  0.78046906 0.785119   0.76919377 0.7164356  0.74236846
 0.7997196  0.7991213  0.7815931  0.7864649  0.7546174  0.7672146
 0.9482352  0.9114624 ] lpba_S29 0.59263116 0.0 0.0036959648
lpba_S01 [0.8173671  0.79949033 0.8195418  0.7767672  0.77167827 0.70028764
 0.8003027  0.73148495 0.6574759  0.69038373 0.5590859  0.5648552
 0.7291857  0.61879194 0.75347865 0.7432191  0.7472476  0.7929237
 0.60254365 0.6794935  0.6350545  0.76162297 0.5481581  0.7055777
 0.616513   0.6477845  0.7369672  0.72837436 0.5939662  0.5618426
 0.5318552  0.6112409  0.8059719  0.78088725 0.7206564  0.7495034
 0.70646966 0.75060785 0.7547902  0.6259922  0.7588494  0.6130113
 0.7454211  0.59084606 0.78538585 0.79170614 0.6491353  0.7459847
 0.7026455  0.7608756  0.76139754 0.78888655 0.7431647  0.72605586
 0.9517122  0.900162  ] lpba_S30 0.56164366 0.0 0.0047802925
lpba_S01 [0.7982919  0.74630934 0.7955564  0.75153905 0.8121344  0.78945464
 0.8061561  0.78363895 0.655581   0.5982095  0.7187145  0.58572876
 0.68121344 0.67333776 0.7283689  0.72799265 0.74673796 0.753011
 0.55762124 0.6561163  0.47640324 0.6661795  0.6307564  0.690116
 0.5540325  0.52852416 0.6074039  0.6170646  0.6500084  0.5970127
 0.480433   0.7190981  0.79168624 0.80182475 0.66739374 0.71377796
 0.6969576  0.7595906  0.73237    0.7049847  0.6918834  0.6815731
 0.7630304  0.7372118  0.7459296  0.7982992  0.78995335 0.71299416
 0.74790794 0.764232   0.7860049  0.7932673  0.748422   0.7109444
 0.9474028  0.91199434] lpba_S31 0.55874836 0.0 0.0042204857
lpba_S01 [0.81549084 0.8063848  0.81319064 0.82034445 0.7946086  0.79586685
 0.75756806 0.7737913  0.68195486 0.6719824  0.6355634  0.52490795
 0.6524064  0.48470363 0.6675333  0.5843987  0.6633592  0.69704205
 0.6761551  0.6435759  0.6458494  0.61726665 0.50232106 0.5392915
 0.42499447 0.4033919  0.66299367 0.6184558  0.72968143 0.57763034
 0.54379976 0.6258929  0.7828074  0.80993646 0.6528588  0.7688068
 0.68114203 0.77296966 0.7514305  0.72022766 0.71157545 0.6941964
 0.7610036  0.73085624 0.7762314  0.82281107 0.56157357 0.69410187
 0.719898   0.7711443  0.74125874 0.77446806 0.705316   0.6946513
 0.9519829  0.8906999 ] lpba_S32 0.54036224 0.0 0.0051555634
lpba_S01 [0.7373642  0.774777   0.7447477  0.7770625  0.7635071  0.73929477
 0.7012891  0.7574636  0.36869437 0.52976525 0.5910571  0.44562066
 0.68432575 0.6494052  0.65002793 0.7287638  0.6716822  0.8171945
 0.70644695 0.59661835 0.70646155 0.7274821  0.5652836  0.665507
 0.5161978  0.46454823 0.6363731  0.58152974 0.5864526  0.7104399
 0.47307038 0.61514395 0.7734146  0.82462734 0.6634949  0.78030235
 0.72452414 0.72998047 0.7708635  0.76975495 0.72443324 0.6540778
 0.7997549  0.7614132  0.7547215  0.8046256  0.7085884  0.73011637
 0.71318245 0.78929764 0.7789916  0.7904822  0.69951177 0.7543283
 0.9461349  0.90065676] lpba_S33 0.54521495 0.0 0.0038380623
lpba_S01 [0.777786   0.7687885  0.7408086  0.66428363 0.71529084 0.6544181
 0.7869371  0.79648346 0.5795279  0.53055143 0.30223125 0.36312455
 0.68800837 0.6345492  0.72393686 0.7702742  0.75679874 0.8064424
 0.6481958  0.6723852  0.65232927 0.7566181  0.6504112  0.6379343
 0.5179654  0.5689707  0.71226215 0.6361019  0.5606607  0.6577438
 0.56557757 0.5587459  0.717854   0.7759414  0.62794715 0.78964776
 0.66343576 0.7629561  0.7382604  0.6838871  0.61676645 0.7060196
 0.75073385 0.712706   0.7834342  0.8217463  0.75326663 0.7229695
 0.6874317  0.74350744 0.78076154 0.79297113 0.74899554 0.75274855
 0.9408049  0.9129457 ] lpba_S34 0.54135317 0.0 0.003774166
lpba_S01 [0.7805804  0.7277798  0.7836756  0.7482191  0.7479522  0.6896208
 0.73702914 0.73214656 0.71032745 0.56517744 0.7269615  0.41682747
 0.69405097 0.58183473 0.7035833  0.7197993  0.7555335  0.7887921
 0.58953077 0.57141155 0.5415167  0.56467247 0.5866852  0.6458889
 0.3962795  0.34116343 0.61829454 0.57737345 0.6606893  0.5356341
 0.6166376  0.5306574  0.75184304 0.76725125 0.5410964  0.701887
 0.6515353  0.7211176  0.6736914  0.6636388  0.692883   0.6940836
 0.712062   0.7234493  0.74550784 0.678219   0.65795463 0.6705793
 0.7789314  0.7731612  0.77831477 0.78117746 0.76645935 0.7414482
 0.94748944 0.9124346 ] lpba_S35 0.52208465 0.0 0.003970623
lpba_S01 [0.8458219  0.7513853  0.80648464 0.74404323 0.82115096 0.8012793
 0.7807136  0.7751315  0.76813716 0.5415916  0.7416197  0.5273467
 0.69622767 0.5943141  0.7395996  0.75936294 0.78402424 0.6883016
 0.7133578  0.6695779  0.6706756  0.72868437 0.6589396  0.6837848
 0.56425023 0.53488374 0.59799486 0.67445093 0.6580765  0.6357066
 0.53563136 0.49191993 0.6887659  0.8467444  0.6005579  0.81415087
 0.66781    0.7924803  0.7333946  0.7401666  0.6519761  0.68798256
 0.74106723 0.75401235 0.79589796 0.82872444 0.64287156 0.74061626
 0.71203905 0.7549519  0.8117571  0.77812696 0.7141544  0.74730814
 0.9547543  0.90202516] lpba_S36 0.5659643 0.0 0.004220009
lpba_S01 [0.80221987 0.74776167 0.79836386 0.77756643 0.7705501  0.73326844
 0.7866343  0.71579456 0.7228719  0.7032822  0.71267086 0.5503656
 0.7736329  0.50287634 0.7209662  0.73709214 0.7301299  0.76520014
 0.5959437  0.63009197 0.69842273 0.563915   0.6175991  0.6802053
 0.46206653 0.5063678  0.7323688  0.6260364  0.7263174  0.6485145
 0.46658224 0.70873183 0.7726516  0.76137733 0.6678981  0.70849335
 0.63546556 0.76896864 0.75182045 0.74497795 0.7517687  0.63706654
 0.6703226  0.7857281  0.7910338  0.778324   0.7532727  0.72061443
 0.74617416 0.76540416 0.81560284 0.79284406 0.76434565 0.75312036
 0.94715095 0.91024345] lpba_S37 0.5617698 0.0 0.0038337708
lpba_S01 [0.7950589  0.78842413 0.77065545 0.76388    0.7500095  0.69528353
 0.78130937 0.83075315 0.60335815 0.58543605 0.43839633 0.4037173
 0.6381101  0.61033934 0.6165557  0.7382066  0.73859286 0.79640836
 0.65485317 0.6637763  0.63274306 0.72065693 0.56827444 0.6340688
 0.53405994 0.67069644 0.6734962  0.601523   0.63434446 0.56680286
 0.51955944 0.4797678  0.76362336 0.7843559  0.6685738  0.7291285
 0.66931486 0.65235984 0.747521   0.7177851  0.69301003 0.6761407
 0.6475358  0.63998747 0.75510204 0.7467486  0.7289389  0.7171934
 0.70604473 0.74887216 0.7359134  0.7955779  0.77285147 0.75449336
 0.94704646 0.91000146] lpba_S38 0.5352437 0.0 0.0040574074
lpba_S01 [0.82765836 0.7921446  0.77676386 0.808893   0.80006176 0.81803817
 0.7979698  0.78012294 0.7119901  0.6361264  0.5318807  0.5648949
 0.69865644 0.50793654 0.7618985  0.7193855  0.7591785  0.79468304
 0.5390994  0.68541104 0.5887675  0.6482029  0.65954876 0.65401644
 0.6838352  0.65955824 0.7684149  0.6762767  0.68708116 0.75047743
 0.6249543  0.46979865 0.8119172  0.75629413 0.6353447  0.7438528
 0.6906345  0.7501759  0.8010728  0.78468025 0.7728771  0.66531146
 0.82296824 0.7792411  0.76142395 0.798805   0.705335   0.732783
 0.6532887  0.63237613 0.8068135  0.78572965 0.7709769  0.7366667
 0.9502019  0.9042981 ] lpba_S39 0.5733348 0.0 0.0033655167
lpba_S01 [0.81916547 0.77410215 0.7499274  0.7857678  0.6858745  0.7700307
 0.75571454 0.7303617  0.6604792  0.61915946 0.43876383 0.51359224
 0.6588293  0.57047874 0.6935876  0.77732015 0.72801846 0.7927848
 0.6505572  0.6693863  0.62766844 0.6821463  0.65126455 0.6634125
 0.6268116  0.62539184 0.67004395 0.69974774 0.62552303 0.78782797
 0.5816193  0.5426839  0.8021186  0.8143343  0.6882529  0.748639
 0.7729506  0.739471   0.74785346 0.6725382  0.71002483 0.76192415
 0.704469   0.7187756  0.7561121  0.795      0.67308295 0.6601335
 0.75903916 0.7590796  0.6985849  0.7299028  0.7494002  0.7027765
 0.95080394 0.8987731 ] lpba_S40 0.5548797 0.0 0.0037670135
Summary
Dice score: 0.7085205912590027 (0.013410268351435661)
Jacc score: 0.5567309856414795 (0.015039622783660889)
ncc score: 0.9899699091911316 (0.0)
mse score: 6.259607791900635 (0.0)
Landmark distance: 0.0 (0.0)
Jacobian determinant: 0.004017524421215057 (0.00039067998295649886)
dice score for seg 0: 0.8073562383651733
dice score for seg 1: 0.7796966433525085
dice score for seg 2: 0.7886664271354675
dice score for seg 3: 0.7718343734741211
dice score for seg 4: 0.7550248503684998
dice score for seg 5: 0.7553237080574036
dice score for seg 6: 0.7683993577957153
dice score for seg 7: 0.7629323601722717
dice score for seg 8: 0.6742925643920898
dice score for seg 9: 0.6300740838050842
dice score for seg 10: 0.6275926828384399
dice score for seg 11: 0.520405113697052
dice score for seg 12: 0.6667247414588928
dice score for seg 13: 0.586783766746521
dice score for seg 14: 0.7136771082878113
dice score for seg 15: 0.7317953705787659
dice score for seg 16: 0.735346257686615
dice score for seg 17: 0.7685303092002869
dice score for seg 18: 0.6583845615386963
dice score for seg 19: 0.6471545100212097
dice score for seg 20: 0.6363347172737122
dice score for seg 21: 0.6657117009162903
dice score for seg 22: 0.6109746098518372
dice score for seg 23: 0.659443736076355
dice score for seg 24: 0.5605188012123108
dice score for seg 25: 0.5558617115020752
dice score for seg 26: 0.689247190952301
dice score for seg 27: 0.6390212774276733
dice score for seg 28: 0.6640921831130981
dice score for seg 29: 0.6353080868721008
dice score for seg 30: 0.5645252466201782
dice score for seg 31: 0.605767011642456
dice score for seg 32: 0.7782093286514282
dice score for seg 33: 0.7887082695960999
dice score for seg 34: 0.6701124906539917
dice score for seg 35: 0.7363160848617554
dice score for seg 36: 0.7005115747451782
dice score for seg 37: 0.7402527928352356
dice score for seg 38: 0.7282782793045044
dice score for seg 39: 0.7119413018226624
dice score for seg 40: 0.692151665687561
dice score for seg 41: 0.6897234916687012
dice score for seg 42: 0.7265343070030212
dice score for seg 43: 0.7447652816772461
dice score for seg 44: 0.7798945307731628
dice score for seg 45: 0.7798993587493896
dice score for seg 46: 0.7130301594734192
dice score for seg 47: 0.7172154784202576
dice score for seg 48: 0.7181065678596497
dice score for seg 49: 0.741990864276886
dice score for seg 50: 0.7738777995109558
dice score for seg 51: 0.7807813286781311
dice score for seg 52: 0.7438245415687561
dice score for seg 53: 0.7331470847129822
dice score for seg 54: 0.9475060701370239
dice score for seg 55: 0.9035699367523193
